1759817635274 0.2708 0
1759817748235 0.4527 1
1759817863039 0.70213 2
1759817964404 0.87457 3
1759818065481 0.92959 4
1759818167866 0.98231 5
1759818270501 0.97556 6
1759818375179 0.97949 7
1759818482833 0.98268 8
1759818584795 0.98166 9
1759818695092 0.98511 10
1759818798012 0.98558 11
1759818905383 0.98373 12
1759819009143 0.98372 13
1759819116560 0.98573 14
1759819225928 0.98551 15
1759819337255 0.9853 16
1759819440600 0.9868 17
1759819541793 0.98595 18
1759819644240 0.98759 19
1759819746859 0.98846 20
1759819849651 0.98743 21
1759819956538 0.98844 22
1759820059006 0.98874 23
1759820162028 0.98851 24
1759820264472 0.98825 25
1759820366261 0.98725 26
1759820467908 0.9878 27
1759820568120 0.98942 28
1759820670111 0.98908 29
1759820772612 0.99101 30
1759820874495 0.98941 31
1759820976985 0.98918 32
1759821079814 0.9886 33
1759821180930 0.98893 34
1759821286034 0.98971 35
1759821388715 0.98948 36
1759821488458 0.98888 37
1759821587391 0.98963 38
1759821693074 0.98943 39
1759821819711 0.98934 40
1759821920401 0.98932 41
1759822019615 0.98934 42
1759822127702 0.98914 43
1759822244235 0.98937 44
1759822359277 0.98808 45
1759822484610 0.98866 46
1759822605082 0.99017 47
1759822726271 0.99014 48
1759822843848 0.98998 49
1759822864530 0.9899815452822902 49
