1759817635274 0.17461 0
1759817748235 0.30092 1
1759817863039 0.47339 2
1759817964404 0.61487 3
1759818065481 0.64922 4
1759818167866 0.69132 5
1759818270501 0.68993 6
1759818375179 0.70109 7
1759818482833 0.68146 8
1759818584795 0.70507 9
1759818695092 0.70785 10
1759818798012 0.70661 11
1759818905383 0.71147 12
1759819009143 0.71636 13
1759819116560 0.7036 14
1759819225928 0.71302 15
1759819337255 0.72974 16
1759819440600 0.72592 17
1759819541793 0.72789 18
1759819644240 0.72101 19
1759819746859 0.72222 20
1759819849651 0.71413 21
1759819956538 0.72824 22
1759820059006 0.7126 23
1759820162028 0.7371 24
1759820264472 0.72391 25
1759820366261 0.72645 26
1759820467908 0.73344 27
1759820568120 0.73681 28
1759820670111 0.74463 29
1759820772612 0.74572 30
1759820874495 0.74247 31
1759820976985 0.73627 32
1759821079814 0.73997 33
1759821180930 0.74273 34
1759821286034 0.73585 35
1759821388715 0.7429 36
1759821488458 0.74334 37
1759821587391 0.74213 38
1759821693074 0.73895 39
1759821819711 0.74308 40
1759821920401 0.74456 41
1759822019615 0.74026 42
1759822127702 0.74169 43
1759822244235 0.7442 44
1759822359277 0.74937 45
1759822484610 0.74839 46
1759822605082 0.74925 47
1759822726271 0.75017 48
1759822843848 0.7538 49
1759822864530 0.7541748742767653 49
