1759817635274 0.73946 0
1759817748235 0.98006 1
1759817863039 0.01407 2
1759817964404 0.99701 3
1759818065481 0.9973 4
1759818167866 0.9685 5
1759818270501 0.96749 6
1759818375179 0.98368 7
1759818482833 0.98565 8
1759818584795 0.99115 9
1759818695092 0.99253 10
1759818798012 0.99365 11
1759818905383 0.98346 12
1759819009143 0.98785 13
1759819116560 0.99134 14
1759819225928 0.98809 15
1759819337255 0.99262 16
1759819440600 0.99262 17
1759819541793 0.99128 18
1759819644240 0.9936 19
1759819746859 0.99338 20
1759819849651 0.9941 21
1759819956538 0.99339 22
1759820059006 0.9948 23
1759820162028 0.99323 24
1759820264472 0.99465 25
1759820366261 0.99066 26
1759820467908 0.99418 27
1759820568120 0.9934 28
1759820670111 0.99048 29
1759820772612 0.99438 30
1759820874495 0.9953 31
1759820976985 0.9934 32
1759821079814 0.99326 33
1759821180930 0.9928 34
1759821286034 0.99447 35
1759821388715 0.99494 36
1759821488458 0.99455 37
1759821587391 0.99428 38
1759821693074 0.99508 39
1759821819711 0.99488 40
1759821920401 0.99438 41
1759822019615 0.99472 42
1759822127702 0.99499 43
1759822244235 0.9934 44
1759822359277 0.98905 45
1759822484610 0.98786 46
1759822605082 0.99172 47
1759822726271 0.99217 48
1759822843848 0.99205 49
1759822864530 0.9920191874715648 49
