1759817635274 0.38394 0
1759817748235 0.11464 1
1759817863039 0.84992 2
1759817964404 0.36651 3
1759818065481 0.49656 4
1759818167866 0.80117 5
1759818270501 0.93612 6
1759818375179 0.97626 7
1759818482833 0.97554 8
1759818584795 0.98152 9
1759818695092 0.98571 10
1759818798012 0.98634 11
1759818905383 0.98548 12
1759819009143 0.98352 13
1759819116560 0.98411 14
1759819225928 0.98589 15
1759819337255 0.98444 16
1759819440600 0.98155 17
1759819541793 0.98418 18
1759819644240 0.98418 19
1759819746859 0.98323 20
1759819849651 0.98621 21
1759819956538 0.98594 22
1759820059006 0.98479 23
1759820162028 0.98405 24
1759820264472 0.98801 25
1759820366261 0.98556 26
1759820467908 0.98351 27
1759820568120 0.99147 28
1759820670111 0.98713 29
1759820772612 0.988 30
1759820874495 0.98503 31
1759820976985 0.98729 32
1759821079814 0.98633 33
1759821180930 0.98681 34
1759821286034 0.98792 35
1759821388715 0.98792 36
1759821488458 0.98801 37
1759821587391 0.98746 38
1759821693074 0.98939 39
1759821819711 0.9877 40
1759821920401 0.99038 41
1759822019615 0.98892 42
1759822127702 0.98879 43
1759822244235 0.98663 44
1759822359277 0.99211 45
1759822484610 0.99059 46
1759822605082 0.99211 47
1759822726271 0.99211 48
1759822843848 0.99117 49
1759822864530 0.9911693754267207 49
