1759744709852 0.16303 0
1759744836241 0.27066 1
1759744996445 0.56823 2
1759745144798 0.61075 3
1759745309123 0.68109 4
1759745472456 0.68716 5
1759745627841 0.68752 6
1759745785827 0.70214 7
1759745938491 0.69414 8
1759746067482 0.70921 9
1759746207200 0.71219 10
1759746318206 0.71047 11
1759746429324 0.71943 12
1759746557985 0.71336 13
1759746698806 0.7159 14
1759746837771 0.71911 15
1759746974458 0.72348 16
1759747098034 0.72727 17
1759747227461 0.72952 18
1759747361302 0.72795 19
1759747496053 0.72509 20
1759747630447 0.71821 21
1759747818845 0.72113 22
1759747993135 0.71319 23
1759748134865 0.73715 24
1759748321224 0.72922 25
1759748506993 0.72922 26
1759748670734 0.73625 27
1759748821945 0.73499 28
1759748973976 0.74775 29
1759749129163 0.74338 30
1759749265950 0.73505 31
1759749434643 0.7459 32
1759749576568 0.74271 33
1759749735059 0.7385 34
1759749880923 0.74089 35
1759750000254 0.73986 36
1759750112464 0.7419 37
1759750266960 0.74511 38
1759750436256 0.74602 39
1759750462436 0.7473434606863695 39
