1759744709852 0.25954 0
1759744836241 0.39514 1
1759744996445 0.85762 2
1759745144798 0.87489 3
1759745309123 0.97763 4
1759745472456 0.97788 5
1759745627841 0.9768 6
1759745785827 0.98083 7
1759745938491 0.98249 8
1759746067482 0.98241 9
1759746207200 0.98261 10
1759746318206 0.98571 11
1759746429324 0.98665 12
1759746557985 0.98563 13
1759746698806 0.98599 14
1759746837771 0.98626 15
1759746974458 0.98544 16
1759747098034 0.9877 17
1759747227461 0.9879 18
1759747361302 0.98665 19
1759747496053 0.98845 20
1759747630447 0.98604 21
1759747818845 0.98801 22
1759747993135 0.98751 23
1759748134865 0.98756 24
1759748321224 0.98737 25
1759748506993 0.98777 26
1759748670734 0.98714 27
1759748821945 0.98703 28
1759748973976 0.98763 29
1759749129163 0.98971 30
1759749265950 0.98931 31
1759749434643 0.98954 32
1759749576568 0.99037 33
1759749735059 0.98914 34
1759749880923 0.98906 35
1759750000254 0.98865 36
1759750112464 0.98888 37
1759750266960 0.98895 38
1759750436256 0.98897 39
1759750462436 0.9876318399198836 39
