1759744709852 0.00677 0
1759744836241 0.99391 1
1759744996445 0.01805 2
1759745144798 0.9968 3
1759745309123 0.99729 4
1759745472456 0.98292 5
1759745627841 0.98708 6
1759745785827 0.99053 7
1759745938491 0.99256 8
1759746067482 0.99109 9
1759746207200 0.99118 10
1759746318206 0.99024 11
1759746429324 0.99194 12
1759746557985 0.98787 13
1759746698806 0.99009 14
1759746837771 0.98823 15
1759746974458 0.99184 16
1759747098034 0.99132 17
1759747227461 0.99238 18
1759747361302 0.99422 19
1759747496053 0.98843 20
1759747630447 0.9926 21
1759747818845 0.99365 22
1759747993135 0.99318 23
1759748134865 0.99041 24
1759748321224 0.99069 25
1759748506993 0.98897 26
1759748670734 0.99501 27
1759748821945 0.98424 28
1759748973976 0.98714 29
1759749129163 0.9899 30
1759749265950 0.9938 31
1759749434643 0.99357 32
1759749576568 0.9913 33
1759749735059 0.99121 34
1759749880923 0.99247 35
1759750000254 0.99278 36
1759750112464 0.9929 37
1759750266960 0.98896 38
1759750436256 0.98873 39
1759750462436 0.9871445664772439 39
