1759744709852 0.39532 0
1759744836241 0.20318 1
1759744996445 0.93404 2
1759745144798 0.33199 3
1759745309123 0.50458 4
1759745472456 0.79065 5
1759745627841 0.91807 6
1759745785827 0.97974 7
1759745938491 0.98561 8
1759746067482 0.98183 9
1759746207200 0.98153 10
1759746318206 0.98233 11
1759746429324 0.9831 12
1759746557985 0.98822 13
1759746698806 0.98329 14
1759746837771 0.9861 15
1759746974458 0.98445 16
1759747098034 0.98459 17
1759747227461 0.98313 18
1759747361302 0.98433 19
1759747496053 0.98809 20
1759747630447 0.98681 21
1759747818845 0.98326 22
1759747993135 0.9851 23
1759748134865 0.9867 24
1759748321224 0.98592 25
1759748506993 0.98745 26
1759748670734 0.98154 27
1759748821945 0.98503 28
1759748973976 0.98945 29
1759749129163 0.98577 30
1759749265950 0.99034 31
1759749434643 0.98949 32
1759749576568 0.98891 33
1759749735059 0.98677 34
1759749880923 0.98155 35
1759750000254 0.98218 36
1759750112464 0.98226 37
1759750266960 0.98899 38
1759750436256 0.989 39
1759750462436 0.9894456886898096 39
