1759396773334 0.16595 0
1759396897875 0.30482 1
1759397019236 0.60494 2
1759397147868 0.63975 3
1759397282015 0.67608 4
1759397418680 0.69356 5
1759397556888 0.69515 6
1759397681846 0.70801 7
1759397807807 0.70332 8
1759397938807 0.70655 9
1759398064283 0.70469 10
1759398183539 0.70904 11
1759398303105 0.69922 12
1759398420801 0.69641 13
1759398541465 0.71899 14
1759398661531 0.72221 15
1759398780346 0.71421 16
1759398901191 0.70987 17
1759399021373 0.72069 18
1759399140417 0.72213 19
1759399259156 0.72135 20
1759399376716 0.72524 21
1759399490787 0.72855 22
1759399601929 0.73912 23
1759399716634 0.73385 24
1759399824346 0.73846 25
1759399930843 0.73099 26
1759400043308 0.73608 27
1759400154402 0.73415 28
1759400264050 0.73712 29
1759400411208 0.74032 30
1759400533741 0.7376 31
1759400655225 0.73398 32
1759400772583 0.74121 33
1759400878865 0.72892 34
1759400986600 0.74123 35
1759401092410 0.74376 36
1759401199912 0.74472 37
1759401311572 0.74907 38
1759401418222 0.74673 39
1759401436020 0.7487316847278257 39
