1759396773334 0.24428 0
1759396897875 0.43392 1
1759397019236 0.86422 2
1759397147868 0.91604 3
1759397282015 0.97035 4
1759397418680 0.97527 5
1759397556888 0.98139 6
1759397681846 0.98138 7
1759397807807 0.97973 8
1759397938807 0.98418 9
1759398064283 0.98419 10
1759398183539 0.98483 11
1759398303105 0.98247 12
1759398420801 0.98279 13
1759398541465 0.98421 14
1759398661531 0.9857 15
1759398780346 0.9872 16
1759398901191 0.98669 17
1759399021373 0.98831 18
1759399140417 0.9883 19
1759399259156 0.98826 20
1759399376716 0.98823 21
1759399490787 0.98842 22
1759399601929 0.98877 23
1759399716634 0.99012 24
1759399824346 0.98987 25
1759399930843 0.98926 26
1759400043308 0.9895 27
1759400154402 0.99045 28
1759400264050 0.99034 29
1759400411208 0.98944 30
1759400533741 0.98973 31
1759400655225 0.99031 32
1759400772583 0.99055 33
1759400878865 0.98991 34
1759400986600 0.99026 35
1759401092410 0.99049 36
1759401199912 0.99014 37
1759401311572 0.9904 38
1759401418222 0.99061 39
1759401436020 0.990397867230555 39
