1759396773334 0.00627 0
1759396897875 1.0 1
1759397019236 0.01387 2
1759397147868 1.0 3
1759397282015 0.97971 4
1759397418680 0.98294 5
1759397556888 0.99256 6
1759397681846 0.99026 7
1759397807807 0.98475 8
1759397938807 0.98936 9
1759398064283 0.9691 10
1759398183539 0.98779 11
1759398303105 0.99367 12
1759398420801 0.98928 13
1759398541465 0.99227 14
1759398661531 0.9949 15
1759398780346 0.99144 16
1759398901191 0.99216 17
1759399021373 0.99155 18
1759399140417 0.99241 19
1759399259156 0.99455 20
1759399376716 0.99402 21
1759399490787 0.99479 22
1759399601929 0.99389 23
1759399716634 0.99551 24
1759399824346 0.99338 25
1759399930843 0.99103 26
1759400043308 0.98883 27
1759400154402 0.99032 28
1759400264050 0.99218 29
1759400411208 0.99254 30
1759400533741 0.9945 31
1759400655225 0.99486 32
1759400772583 0.99515 33
1759400878865 0.99328 34
1759400986600 0.99453 35
1759401092410 0.99242 36
1759401199912 0.99168 37
1759401311572 0.99408 38
1759401418222 0.99466 39
1759401436020 0.9941005287304091 39
