1759396773334 0.40061 0
1759396897875 0.14243 1
1759397019236 0.92889 2
1759397147868 0.18629 3
1759397282015 0.47226 4
1759397418680 0.51377 5
1759397556888 0.96068 6
1759397681846 0.97838 7
1759397807807 0.98186 8
1759397938807 0.98214 9
1759398064283 0.96032 10
1759398183539 0.98444 11
1759398303105 0.98233 12
1759398420801 0.98319 13
1759398541465 0.98605 14
1759398661531 0.98681 15
1759398780346 0.98633 16
1759398901191 0.98317 17
1759399021373 0.98444 18
1759399140417 0.98265 19
1759399259156 0.98681 20
1759399376716 0.98681 21
1759399490787 0.99052 22
1759399601929 0.98987 23
1759399716634 0.98712 24
1759399824346 0.99211 25
1759399930843 0.98951 26
1759400043308 0.99079 27
1759400154402 0.99055 28
1759400264050 0.99141 29
1759400411208 0.98871 30
1759400533741 0.98727 31
1759400655225 0.98936 32
1759400772583 0.98821 33
1759400878865 0.98864 34
1759400986600 0.99094 35
1759401092410 0.99086 36
1759401199912 0.99107 37
1759401311572 0.99074 38
1759401418222 0.99064 39
1759401436020 0.9907395204787218 39
